fecha,descripcion,monto,saldo
2023-11-20,Salario,1500.00,1500.00
2023-11-25,Alquiler,-500.00,1000.00
2023-11-28,Supermercado,-200.00,800.00
2023-12-01,Intereses,50.00,850.00
2023-12-05,Factura luz,-100.00,750.00
2023-12-10,Salario,1500.00,2250.00
2023-12-15,Cena,-50.00,2200.00
2023-12-20,Gasolina,-80.00,2120.00
2023-12-25,Regalo,-150.00,1970.00
2023-12-31,Intereses,60.00,2030.00